#R	NextCycle	NE(tau)	NEfresh(tau)	NI(tau)	NIfresh(tau)
1	0	10	10	4	4
2	0	9	9	2	2
3	0	2	2	3	3
4	1	107	105	25	24
5	1	13	13	2	2
6	1	5	5	1	1
7	1	498	473	127	123
8	1	57	57	14	14
9	1	12	12	1	1
10	1	45	44	12	12
11	1	105	100	28	27
12	1	15	15	5	5
13	0	1	1	0	0
14	0	6	5	0	0
15	1	9	9	2	2
16	1	30	30	5	5
17	1	19	18	9	9
18	1	15	12	3	3
19	1	109	100	33	29
20	1	67	66	12	11
21	0	1	1	0	0
22	0	3	3	3	3
23	1	69	63	15	13
24	1	37	34	5	5
25	1	32	30	10	10
26	1	32	28	7	6
27	0	3	3	1	1
28	0	5	5	2	1
29	0	0	0	0	0
30	1	11	11	6	6
31	1	25	20	5	5
32	1	77	77	22	21
33	0	0	0	0	0
34	0	3	2	0	0
35	0	4	4	0	0
36	1	23	22	1	1
37	1	24	23	6	6
38	0	2	2	0	0
39	1	35	35	3	3
40	1	10	10	1	1
41	0	0	0	0	0
42	1	26	24	5	4
43	0	2	1	0	0
44	0	0	0	0	0
45	1	37	35	6	6
46	1	120	117	41	38
47	0	1	1	0	0
48	1	36	36	4	3
49	0	6	5	3	2
50	1	23	21	6	5
51	1	52	48	19	17
52	1	27	26	3	2
53	1	108	92	27	25
54	0	0	0	0	0
55	0	1	0	0	0
56	1	18	18	6	6
57	1	60	59	17	14
58	0	1	1	0	0
59	0	11	11	6	5
60	1	45	43	18	16
61	0	8	8	5	5
62	1	55	52	8	7
63	1	269	247	83	78
64	1	28	28	4	3
65	1	352	336	81	77
66	1	17	15	2	1
67	0	7	7	2	2
68	0	1	1	0	0
69	1	141	136	28	28
70	0	4	4	1	1
71	0	0	0	0	0
72	0	8	8	1	1
73	1	67	62	19	18
74	0	4	4	2	2
75	1	15	14	7	7
76	1	268	253	66	61
77	1	58	55	9	7
78	1	41	40	16	16
79	1	19	18	6	6
80	1	53	48	11	11
81	0	2	2	0	0
82	1	24	23	4	4
83	0	5	4	1	1
84	0	0	0	0	0
85	0	2	2	1	1
86	1	7	7	1	1
87	1	15	14	3	3
88	0	7	7	2	2
89	0	9	9	7	7
90	0	7	7	3	3
91	0	0	0	0	0
92	1	25	24	8	6
93	0	2	2	1	1
94	1	41	36	12	8
95	1	10	9	1	1
96	1	6	6	2	2
97	1	40	35	7	7
98	1	12	12	1	1
99	1	235	215	39	35
100	0	4	3	0	0
101	0	7	7	4	4
102	1	10	10	2	2
103	1	6	6	7	5
104	1	16	16	3	2
105	1	14	13	3	1
106	0	7	7	2	2
107	1	71	65	11	11
108	1	58	53	16	15
109	1	303	291	75	70
110	1	36	35	11	10
111	1	17	17	2	1
112	0	8	7	1	0
113	0	0	0	0	0
114	0	8	7	1	1
115	0	0	0	0	0
116	0	9	9	2	2
117	1	97	85	36	33
118	1	26	23	9	8
119	1	85	80	13	13
120	0	3	2	3	2
121	0	7	6	1	1
122	0	9	9	1	1
123	1	36	35	11	11
124	0	9	9	5	3
125	0	1	1	0	0
126	1	29	29	9	9
127	1	24	22	6	5
128	1	52	51	12	12
129	1	18	18	3	2
130	0	3	2	3	3
131	1	21	18	9	9
132	1	155	135	50	37
133	1	17	17	2	2
134	0	4	4	3	3
135	0	5	5	0	0
136	1	9	9	1	1
137	1	90	87	20	20
138	1	49	46	8	8
139	1	16	16	3	2
140	1	47	45	12	12
141	0	1	0	0	0
142	0	0	0	0	0
143	1	7	7	3	2
144	0	3	3	1	1
145	1	764	726	175	173
146	1	169	159	44	42
147	1	20	18	1	1
148	1	83	80	36	34
149	0	9	9	7	6
150	0	6	6	0	0
151	1	23	21	5	5
152	0	8	8	4	3
153	0	1	1	0	0
154	1	57	55	9	9
155	1	50	47	7	7
156	1	93	89	14	14
157	1	11	11	1	1
158	1	383	351	107	102
159	0	8	8	2	2
160	1	102	98	26	26
161	1	59	58	14	14
162	1	23	22	4	4
163	1	30	28	3	3
164	1	18	16	2	2
165	0	1	1	0	0
166	1	472	452	126	123
167	1	147	139	35	31
168	1	16	15	1	1
169	1	30	29	7	7
170	0	14	14	8	7
171	1	108	98	28	25
172	1	189	181	49	47
173	1	43	40	9	9
174	0	0	0	0	0
175	1	28	25	8	8
176	0	2	2	3	3
177	0	3	3	0	0
178	1	25	24	9	9
179	1	54	49	9	8
180	1	29	26	5	5
181	1	28	27	5	5
182	1	11	11	3	3
183	1	23	22	3	2
184	0	2	2	0	0
185	0	0	0	0	0
186	1	17	15	6	6
187	0	0	0	1	1
188	1	21	16	6	5
189	0	1	1	0	0
190	1	20	17	2	2
191	1	52	47	10	8
192	0	12	12	3	3
193	0	1	1	0	0
194	1	36	32	3	3
195	1	17	15	6	5
196	1	7	6	2	1
197	0	12	11	1	1
198	1	14	13	0	0
199	1	49	48	10	6
200	1	22	20	4	3
201	1	226	216	55	53
202	0	6	4	1	1
203	1	45	45	8	8
204	1	21	21	1	1
205	1	19	16	2	2
206	1	13	12	0	0
207	1	151	146	42	41
208	1	14	13	10	10
209	1	30	30	9	6
210	1	62	61	18	16
211	0	1	1	1	1
212	1	24	24	3	2
213	1	566	533	141	137
214	0	0	0	0	0
215	1	20	19	3	3
216	1	137	132	35	34
217	1	46	44	12	12
218	1	88	86	25	23
219	1	22	21	4	3
220	1	21	21	2	2
221	1	259	242	61	60
222	0	0	0	0	0
223	0	2	2	1	1
224	1	241	227	46	45
225	0	1	1	1	1
226	0	1	1	0	0
227	0	3	3	1	1
228	1	15	14	3	3
229	1	55	55	13	13
230	0	15	15	5	5
231	1	13	12	1	1
232	1	17	14	3	1
233	1	83	78	29	24
234	1	39	37	7	6
235	1	31	28	4	4
236	1	79	75	16	15
237	1	139	135	42	40
238	0	2	2	3	1
239	1	54	48	11	11
240	1	15	15	8	6
241	1	37	36	3	3
242	0	9	8	1	1
243	0	13	11	4	3
244	1	99	95	15	14
245	0	9	9	1	1
246	0	2	2	0	0
247	0	5	5	2	2
248	1	10	10	0	0
249	0	7	5	3	3
250	1	10	10	2	2
251	1	19	15	1	1
252	0	1	1	0	0
253	1	473	437	92	87
254	1	56	52	18	18
255	1	17	17	3	3
256	0	8	8	3	2
257	0	1	1	0	0
258	0	6	6	1	1
259	1	17	16	2	2
260	1	23	21	12	11
261	1	26	25	9	7
262	1	13	10	3	2
263	0	1	1	1	0
264	0	7	7	4	2
265	1	22	20	7	7
266	1	33	30	7	6
267	1	95	90	18	18
268	1	16	16	4	4
269	1	14	14	2	2
270	1	162	155	48	46
271	1	15	15	4	4
272	0	1	1	0	0
273	0	4	4	1	1
274	1	13	12	4	3
275	1	31	28	6	5
276	1	102	97	20	17
277	1	14	14	3	2
278	0	0	0	0	0
279	1	39	37	13	12
280	0	5	4	3	3
281	1	86	78	18	17
282	1	53	53	10	10
283	1	126	119	19	18
284	1	110	104	21	21
285	0	2	2	1	1
286	1	27	23	4	3
287	0	1	1	0	0
288	0	6	5	2	2
289	1	37	36	7	7
290	1	152	148	36	34
291	0	5	5	4	3
292	1	113	112	32	31
293	0	7	7	1	1
294	0	1	1	0	0
295	1	44	43	16	16
296	1	123	110	31	25
297	1	126	120	42	41
298	1	61	60	20	20
299	1	672	639	191	189
300	1	16	16	13	10
301	1	19	17	5	4
302	1	25	24	8	7
303	1	35	33	9	6
304	1	272	257	67	64
305	1	16	16	7	7
306	0	0	0	0	0
307	1	25	25	5	5
308	1	526	500	115	107
309	1	49	47	9	7
310	1	21	20	5	5
311	1	17	16	8	7
312	1	12	12	3	3
313	1	88	84	29	27
314	1	118	107	30	28
315	0	0	0	0	0
316	0	6	5	2	1
317	0	6	6	5	4
318	0	7	6	2	2
319	1	29	27	4	4
320	1	96	92	23	23
321	0	13	13	0	0
322	1	51	48	22	20
323	1	29	27	10	10
324	1	198	186	48	44
325	0	2	2	1	1
326	1	71	66	16	14
327	0	6	5	0	0
328	0	8	6	3	2
329	0	4	3	2	1
330	0	7	7	3	3
331	1	27	27	8	7
332	0	5	5	1	1
333	1	35	34	8	8
334	1	26	24	6	6
335	0	0	0	0	0
336	0	11	8	1	1
337	0	10	9	6	6
338	0	7	7	2	2
339	1	12	12	3	3
340	0	4	4	2	1
341	1	64	61	20	17
342	1	115	105	17	17
343	1	199	182	50	49
344	1	15	15	2	2
345	1	14	12	2	2
346	1	21	21	9	9
347	1	243	235	57	53
348	1	167	164	42	42
349	0	0	0	0	0
350	1	25	22	2	2
351	0	1	1	0	0
352	1	90	82	31	30
353	1	31	31	9	9
354	1	47	47	12	10
355	1	31	29	5	5
356	0	6	6	4	4
357	0	1	1	0	0
358	1	68	65	20	20
359	1	114	111	30	29
360	0	6	4	1	1
361	1	5	5	0	0
362	1	32	31	5	4
363	1	78	75	26	24
364	0	7	6	3	2
365	0	5	5	1	1
366	1	48	44	9	8
367	0	10	10	3	2
368	0	2	2	0	0
369	0	0	0	0	0
370	1	26	25	2	2
371	0	2	2	2	2
372	1	13	11	2	2
373	0	5	5	1	1
374	0	1	1	1	1
375	1	20	19	4	4
376	0	4	4	0	0
377	1	87	83	17	16
378	1	188	184	43	40
379	1	89	85	17	17
380	1	222	212	52	50
381	0	2	2	0	0
382	0	9	9	4	4
383	1	37	36	12	12
384	0	5	5	0	0
385	1	10	10	2	2
386	0	3	3	2	1
387	1	39	38	8	8
388	0	7	5	2	2
389	0	0	0	0	0
390	1	23	23	9	9
391	1	85	84	26	25
392	1	34	33	6	5
393	1	28	26	4	4
394	1	42	39	10	9
395	0	0	0	0	0
396	0	4	4	0	0
397	1	12	12	3	3
398	1	271	262	49	44
399	1	202	196	32	30
400	0	5	5	4	2
401	0	4	4	4	2
402	1	107	102	19	19
403	0	0	0	1	1
404	1	8	7	2	2
405	1	15	15	0	0
406	1	69	64	16	16
407	1	16	16	1	1
408	1	63	58	11	10
409	0	0	0	0	0
410	0	2	1	0	0
411	0	8	8	3	3
412	1	18	14	2	2
413	0	0	0	0	0
414	1	44	43	10	10
415	0	0	0	0	0
416	1	85	83	19	19
417	1	81	80	27	26
418	0	8	8	2	2
419	1	87	83	39	36
420	0	5	5	3	3
421	0	11	10	4	4
422	1	13	13	8	6
423	1	289	269	67	61
424	1	23	22	10	9
425	1	86	82	17	17
426	1	12	11	3	2
427	1	28	25	5	4
428	1	44	44	5	5
429	1	29	27	14	12
430	0	6	6	3	2
431	0	4	3	0	0
432	0	9	9	0	0
433	1	69	65	12	11
434	1	138	132	29	29
435	1	23	20	4	3
436	1	23	22	7	6
437	1	161	159	33	31
438	1	208	200	62	61
439	0	0	0	0	0
440	0	1	1	1	1
441	1	189	178	46	44
442	0	3	1	0	0
443	1	39	35	10	9
444	0	11	9	2	1
445	1	49	47	13	11
446	0	2	2	1	1
447	0	5	5	1	0
448	0	2	2	0	0
449	0	2	2	0	0
450	1	136	132	25	24
451	1	47	43	15	15
452	1	38	34	4	4
453	0	10	8	2	2
454	0	2	2	0	0
455	1	70	65	22	21
456	1	193	183	57	54
457	0	1	1	0	0
458	1	47	44	13	12
459	1	120	118	25	24
460	0	4	3	0	0
461	1	9	8	2	1
462	0	2	2	0	0
463	1	620	598	149	149
464	0	0	0	0	0
465	1	142	135	43	43
466	0	9	9	6	6
467	1	55	51	8	7
468	0	1	1	0	0
469	1	29	28	5	5
470	0	13	11	2	2
471	0	4	4	0	0
472	1	53	49	9	8
473	1	30	29	3	3
474	1	32	31	7	7
475	1	22	20	5	4
476	1	7	6	0	0
477	1	139	134	37	36
478	1	219	208	37	37
479	0	4	4	1	1
480	1	28	27	9	9
481	0	4	4	1	1
482	0	2	1	0	0
483	0	0	0	0	0
484	1	11	11	1	1
485	1	21	14	4	0
486	0	6	4	0	0
487	1	11	10	1	1
488	1	80	79	16	16
489	1	27	27	5	4
490	1	73	72	21	20
491	1	46	46	13	13
492	1	64	62	13	11
493	1	56	52	15	15
494	0	3	3	0	0
495	1	6	6	0	0
496	1	30	30	4	4
497	1	39	36	3	3
498	0	3	3	2	2
499	1	47	45	14	14
500	1	353	337	113	110
501	1	240	232	62	58
502	1	235	221	51	50
503	1	83	82	17	17
504	1	30	27	12	11
505	1	17	15	9	9
506	0	11	9	2	1
507	0	0	0	0	0
508	1	60	56	12	12
509	0	1	1	2	2
510	0	0	0	0	0
511	0	2	1	0	0
512	0	7	7	6	6
513	1	9	8	3	0
514	0	8	7	5	5
515	0	2	2	0	0
516	1	93	85	23	21
517	1	76	67	21	20
518	0	3	3	0	0
519	0	0	0	0	0
520	1	24	24	7	7
521	0	7	6	0	0
522	1	46	42	11	11
523	1	415	395	95	93
524	1	16	15	2	1
525	0	1	1	3	3
526	1	204	192	43	41
527	1	307	293	92	89
528	0	0	0	0	0
529	1	34	34	15	14
530	0	0	0	1	1
531	1	227	214	64	60
532	1	135	123	40	35
533	1	41	39	7	5
534	1	95	91	23	23
535	0	0	0	0	0
536	0	0	0	0	0
537	0	0	0	0	0
538	1	119	116	24	24
539	1	98	94	28	27
540	1	43	41	8	7
541	1	48	46	12	10
542	1	21	19	4	4
543	0	8	7	3	3
544	0	6	5	5	4
545	0	11	8	2	2
546	1	40	39	7	6
547	1	18	18	2	2
548	1	40	37	12	10
549	1	147	135	32	29
550	1	7	7	2	2
551	1	11	11	5	5
552	1	35	33	6	6
553	1	167	161	40	38
554	1	236	229	40	38
555	1	33	33	9	8
556	1	10	10	1	1
557	0	1	1	1	0
558	1	57	57	11	10
559	0	0	0	0	0
560	1	24	23	13	13
561	0	7	7	5	3
562	1	33	32	5	4
563	0	4	4	6	5
564	1	218	200	58	54
565	0	5	5	1	1
566	0	0	0	0	0
567	1	14	14	3	3
568	1	44	42	13	13
569	0	1	1	0	0
570	1	41	41	6	6
571	0	2	2	1	1
572	1	38	35	10	8
573	1	91	86	28	26
574	0	3	3	0	0
575	0	0	0	0	0
576	1	27	26	4	4
577	1	90	86	25	24
578	0	1	1	1	0
579	0	0	0	0	0
580	1	19	17	4	4
581	1	13	12	3	2
582	1	21	21	1	1
583	0	6	6	1	1
584	0	0	0	0	0
585	1	23	22	0	0
586	1	19	18	1	1
587	0	4	4	0	0
588	1	148	138	37	34
589	1	17	14	2	2
590	0	2	2	1	1
591	1	33	33	3	3
592	1	91	87	23	20
593	1	101	97	23	23
594	1	54	52	13	13
595	1	28	28	8	7
596	1	50	47	17	15
597	0	1	1	1	1
598	1	6	5	1	1
599	1	12	12	2	1
600	1	99	97	33	33
601	1	97	92	18	18
602	1	46	43	7	7
603	0	3	2	0	0
604	1	25	23	8	7
605	1	22	21	5	5
606	1	22	19	8	7
607	0	4	4	4	4
608	0	13	12	10	10
609	0	1	1	1	1
610	1	17	17	4	3
611	1	97	93	21	20
612	0	8	7	3	3
613	1	17	17	12	11
614	1	24	19	5	5
615	1	110	108	31	28
616	0	0	0	0	0
617	1	14	11	3	1
618	1	128	104	36	35
619	1	70	69	18	18
620	1	31	26	10	10
621	1	13	13	5	3
622	0	1	1	1	1
623	0	0	0	0	0
624	1	18	18	5	4
625	1	23	22	5	5
626	0	2	2	0	0
627	0	1	1	0	0
628	0	0	0	0	0
629	1	47	44	11	11
630	1	154	153	42	41
631	0	2	2	0	0
632	1	26	25	16	15
633	1	544	523	134	133
634	1	9	9	2	2
635	1	25	25	5	4
636	1	105	96	33	31
637	1	25	23	3	3
638	1	80	78	12	11
639	1	21	21	4	3
640	1	24	24	2	2
641	1	87	82	24	22
642	0	0	0	0	0
643	0	1	1	0	0
644	1	102	99	30	29
645	0	6	4	0	0
646	0	0	0	0	0
647	0	0	0	0	0
648	0	5	5	1	1
649	1	16	16	5	4
650	1	19	18	2	2
651	1	18	18	3	3
652	0	3	3	1	1
653	0	2	2	2	2
654	0	2	2	0	0
655	0	4	4	4	4
656	1	38	36	8	8
657	1	10	10	1	0
658	1	15	14	1	1
659	0	4	4	1	0
660	1	40	40	8	8
661	1	29	24	8	8
662	1	22	21	10	10
663	0	2	2	1	1
664	1	28	27	5	4
665	1	353	338	86	84
666	1	103	96	24	21
667	0	7	6	1	0
668	0	8	6	0	0
669	0	4	4	0	0
670	0	15	15	12	7
671	0	5	5	2	2
672	1	11	11	2	2
673	1	16	16	2	2
674	1	62	60	19	17
675	1	18	16	8	6
676	0	8	8	2	2
677	0	10	8	0	0
678	1	21	18	8	7
679	1	59	58	17	16
680	1	173	164	29	29
681	1	14	14	3	3
682	0	12	8	2	2
683	1	66	62	18	18
684	0	7	6	1	0
685	1	499	474	103	93
686	1	37	35	6	6
687	1	58	57	9	9
688	0	11	9	0	0
689	0	0	0	0	0
690	0	0	0	0	0
691	1	93	90	18	18
692	0	4	4	3	3
693	1	77	74	17	15
694	1	33	30	14	14
695	1	61	55	17	14
696	1	9	9	0	0
697	1	15	14	2	2
698	1	79	76	18	18
699	0	1	1	0	0
700	1	104	102	23	20
701	1	44	43	11	11
702	1	14	14	2	2
703	1	127	124	24	23
704	1	18	17	5	5
705	0	1	1	2	2
706	0	0	0	0	0
707	1	37	35	7	7
708	1	9	9	2	2
709	0	0	0	0	0
710	1	24	22	4	4
711	1	41	37	13	12
712	1	31	30	10	10
713	0	2	2	1	1
714	1	22	17	9	8
715	1	13	13	2	2
716	1	8	7	4	4
717	1	39	33	6	3
718	0	3	3	1	0
719	1	281	268	71	70
720	1	41	38	10	10
721	1	74	70	16	16
722	1	978	838	214	189
723	1	231	224	60	58
724	0	7	7	1	1
725	1	50	49	15	15
726	0	2	1	3	2
727	1	111	106	22	19
728	1	362	347	86	83
729	1	793	747	201	195
730	1	91	84	28	26
731	1	11	11	1	1
732	1	46	44	18	17
733	1	51	48	15	13
734	1	84	81	20	18
735	1	8	8	0	0
736	1	76	74	17	17
737	0	3	3	0	0
738	1	108	105	24	21
739	1	42	41	10	10
740	1	20	20	5	5
741	0	6	6	1	1
742	0	9	9	1	1
743	1	160	152	48	47
744	0	5	5	3	3
745	1	55	55	13	12
746	1	71	67	17	15
747	0	9	8	12	12
748	1	63	57	11	10
749	0	6	6	0	0
750	1	87	83	17	17
751	1	24	24	5	5
752	1	21	21	1	1
753	0	13	12	4	3
754	1	159	148	45	44
755	0	0	0	0	0
756	1	19	19	1	1
757	1	25	24	4	4
758	1	194	188	38	37
759	1	6	5	1	1
760	0	4	3	2	2
761	0	5	5	1	1
762	0	14	12	9	6
763	0	2	2	0	0
764	1	30	30	6	6
765	1	77	74	29	29
766	1	140	135	50	50
767	0	1	1	0	0
768	0	7	7	7	6
769	1	14	13	9	9
770	1	141	126	37	33
771	0	4	4	1	1
772	1	97	93	12	11
773	0	3	3	0	0
774	1	25	22	4	4
775	1	12	11	1	1
776	1	19	19	6	6
777	1	131	107	43	30
778	1	62	58	15	14
779	0	5	5	2	2
780	1	53	51	13	13
781	1	18	17	3	2
782	0	0	0	0	0
783	1	87	86	22	22
784	1	14	14	5	5
785	1	177	167	48	46
786	0	0	0	0	0
787	1	11	10	3	0
788	1	60	59	10	8
789	1	19	18	1	1
790	1	195	186	35	33
791	1	14	14	6	6
792	1	65	64	11	11
793	1	8	8	0	0
794	1	54	53	14	14
795	1	38	36	6	5
796	1	48	42	11	9
797	1	33	28	6	4
798	0	3	3	1	1
799	0	0	0	0	0
800	1	32	29	6	6
801	1	9	7	1	0
802	1	15	12	3	0
803	1	11	11	2	2
804	0	4	3	6	4
805	1	53	51	9	9
806	1	29	29	11	11
807	1	122	116	33	31
808	0	0	0	1	1
809	1	40	39	3	3
810	1	23	22	2	2
811	0	2	2	3	3
812	0	3	2	1	1
813	0	5	5	2	2
814	0	4	4	2	1
815	1	59	53	12	12
816	1	21	20	4	2
817	0	11	11	4	3
818	1	50	45	13	11
819	1	10	10	2	2
820	1	15	13	3	3
821	1	347	328	79	77
822	1	73	71	25	25
823	1	51	50	15	15
824	0	0	0	0	0
825	0	5	4	0	0
826	1	13	13	0	0
827	0	9	9	2	2
828	1	881	842	234	228
829	1	46	44	8	8
830	1	21	20	5	5
831	1	43	37	7	5
832	1	174	167	34	33
833	1	51	48	13	12
834	0	8	8	1	1
835	1	16	15	3	3
836	1	204	200	54	54
837	0	1	1	0	0
838	0	4	4	1	1
839	1	53	51	17	17
840	1	26	24	8	5
841	1	150	142	26	26
842	1	24	24	8	8
843	1	70	63	16	15
844	1	26	25	5	5
845	1	83	79	20	19
846	1	40	39	12	10
847	0	28	18	6	4
848	1	35	35	11	10
849	1	14	14	2	2
850	1	19	18	14	14
851	0	6	6	3	3
852	0	4	4	3	1
853	1	18	18	4	4
854	1	13	13	4	4
855	1	269	262	51	51
856	0	0	0	0	0
857	0	0	0	1	1
858	1	9	9	4	4
859	1	18	17	2	2
860	1	329	310	72	71
861	1	31	29	6	6
862	1	123	120	35	34
863	0	1	1	0	0
864	1	19	16	5	3
865	1	25	24	6	6
866	1	206	199	49	48
867	1	17	16	3	3
868	1	54	51	18	18
869	1	597	544	168	154
870	0	0	0	0	0
871	0	4	4	0	0
872	1	54	54	7	7
873	1	51	33	22	13
874	0	2	1	1	1
875	0	12	12	1	1
876	1	31	29	13	13
877	0	1	1	0	0
878	0	1	1	1	0
879	1	35	33	9	8
880	1	30	30	9	9
881	1	17	17	6	5
882	0	1	1	0	0
883	0	7	7	2	2
884	1	132	125	31	29
885	0	4	4	2	2
886	0	2	2	0	0
887	0	1	1	0	0
888	1	66	65	16	15
889	1	30	29	5	5
890	1	70	69	17	17
891	0	8	8	3	3
892	1	7	7	1	1
893	1	6	6	6	4
894	1	64	61	10	10
895	1	82	79	15	15
896	0	9	7	1	1
897	0	3	3	2	1
898	1	67	64	12	11
899	0	1	1	2	2
900	1	204	190	48	47
901	1	114	108	26	25
902	0	0	0	0	0
903	1	11	11	4	4
904	1	243	233	59	59
905	1	25	24	4	4
906	1	21	21	4	4
907	0	8	6	2	2
908	0	0	0	0	0
909	0	0	0	0	0
910	1	72	65	24	24
911	0	0	0	0	0
912	1	13	12	4	3
913	0	9	8	5	5
914	1	35	34	4	4
915	1	67	61	14	14
916	1	139	130	35	35
917	0	0	0	0	0
918	1	60	58	19	19
919	1	175	167	45	45
920	0	0	0	0	0
921	1	89	68	21	18
922	0	5	4	1	1
923	1	235	227	56	55
924	1	100	97	22	21
925	1	33	33	16	15
926	1	11	10	0	0
927	0	0	0	0	0
928	1	62	56	13	11
929	0	1	1	0	0
930	1	37	34	5	5
931	0	0	0	0	0
932	1	20	20	3	3
933	1	60	53	13	13
934	0	0	0	0	0
935	1	73	70	22	20
936	1	54	48	14	12
937	1	51	48	10	10
938	0	1	1	1	0
939	0	0	0	0	0
940	1	11	11	4	4
941	0	0	0	1	1
942	0	3	3	2	2
943	1	55	49	17	17
944	1	36	34	8	8
945	1	29	29	5	5
946	1	12	12	5	4
947	1	22	20	4	3
948	1	422	396	98	97
949	1	86	81	26	25
950	0	0	0	0	0
951	1	62	61	8	8
952	1	181	172	65	62
953	1	11	11	2	2
954	0	0	0	0	0
955	1	42	40	8	7
956	1	9	7	0	0
957	0	11	9	1	1
958	1	9	9	2	1
959	1	41	39	9	9
960	1	38	38	12	12
961	1	65	62	18	18
962	0	0	0	2	2
963	1	76	75	12	12
964	1	13	12	0	0
965	1	111	106	33	32
966	1	52	52	9	9
967	1	576	556	153	148
968	1	13	13	3	3
969	1	94	91	23	22
970	0	0	0	0	0
971	0	0	0	0	0
972	1	31	31	5	5
973	0	4	4	0	0
974	1	51	49	8	8
975	1	121	116	26	23
976	1	20	18	5	3
977	0	5	3	1	1
978	0	8	7	3	2
979	0	3	3	1	0
980	0	2	2	0	0
981	1	50	47	12	10
982	0	7	6	1	1
983	1	14	13	0	0
984	0	0	0	0	0
985	0	1	1	0	0
986	1	193	187	45	44
987	0	1	1	1	1
988	1	20	19	9	8
989	0	4	4	5	5
990	1	30	27	12	12
991	1	406	387	104	102
992	0	1	1	0	0
993	0	6	6	4	4
994	0	0	0	0	0
995	1	155	147	41	40
996	0	0	0	0	0
997	0	7	6	4	4
998	1	14	13	5	4
999	1	11	11	2	2
1000	0	0	0	0	0
1001	1	40	39	8	8
1002	0	0	0	0	0
1003	0	6	5	1	1
1004	1	15	14	2	2
1005	1	38	37	10	10
1006	0	4	4	0	0
1007	0	6	6	2	2
1008	1	13	12	4	3
1009	1	144	134	31	30
1010	1	44	42	4	4
1011	0	15	12	6	6
1012	1	46	44	9	9
1013	0	2	1	2	0
1014	0	0	0	0	0
1015	0	9	7	3	3
1016	0	2	2	2	2
1017	0	8	8	5	4
1018	1	23	22	6	5
1019	1	13	13	3	3
1020	1	102	93	26	21
1021	1	29	27	2	2
1022	1	117	111	33	29
1023	1	76	75	17	17
1024	1	24	21	11	8
1025	0	1	1	0	0
1026	1	38	34	8	6
1027	0	10	10	4	4
1028	0	6	5	3	1
1029	0	3	3	0	0
1030	0	2	2	2	2
1031	1	123	121	37	36
1032	1	23	22	7	6
1033	1	21	20	3	3
1034	1	26	26	10	8
1035	1	162	157	48	44
1036	1	98	97	31	30
1037	0	11	6	6	4
1038	1	29	29	12	12
1039	1	250	239	48	47
1040	1	25	23	7	7
1041	1	205	194	34	32
1042	0	5	5	1	1
1043	0	3	2	1	1
1044	1	13	11	1	0
1045	0	2	2	0	0
1046	0	3	3	1	1
1047	0	8	7	2	2
1048	1	23	21	8	7
1049	0	10	8	4	4
1050	0	5	5	1	1
1051	1	26	26	12	12
1052	0	1	1	0	0
1053	1	75	70	14	13
1054	1	91	90	18	17
1055	1	344	319	73	68
1056	0	6	6	3	2
1057	1	33	32	7	5
1058	0	0	0	0	0
1059	0	0	0	0	0
1060	1	59	58	18	18
1061	1	21	21	6	6
1062	1	9	9	0	0
1063	1	69	68	13	13
1064	1	8	8	3	2
1065	1	23	23	5	5
1066	1	41	40	9	9
1067	0	0	0	0	0
1068	1	14	14	3	3
1069	0	12	11	9	8
1070	0	0	0	0	0
1071	0	0	0	0	0
1072	1	26	26	4	3
1073	1	10	9	2	2
1074	0	0	0	0	0
1075	1	26	25	7	6
1076	0	1	1	0	0
1077	0	6	5	2	0
1078	1	15	14	10	8
1079	1	37	36	3	3
1080	0	3	3	0	0
1081	1	15	14	2	2
1082	0	8	8	4	4
1083	1	24	22	4	2
1084	0	0	0	0	0
1085	1	12	10	4	4
1086	0	9	8	1	1
1087	0	5	5	3	3
1088	0	1	1	0	0
1089	1	16	16	6	6
1090	0	2	2	0	0
1091	0	7	7	2	1
1092	1	11	11	3	2
1093	1	30	29	5	5
1094	0	0	0	0	0
1095	1	222	213	57	54
1096	0	9	8	6	5
1097	1	59	57	9	9
1098	0	0	0	0	0
1099	1	39	31	17	13
1100	0	3	3	3	3
1101	0	1	1	1	1
1102	1	20	16	4	3
1103	1	19	19	1	1
1104	0	0	0	0	0
1105	1	22	20	7	7
1106	0	9	7	2	2
1107	0	6	4	1	1
1108	1	35	33	8	7
1109	1	35	33	2	2
1110	1	146	143	46	45
1111	1	23	22	9	8
1112	1	32	30	7	6
1113	1	220	205	58	52
1114	0	0	0	0	0
1115	1	20	18	2	2
1116	0	0	0	0	0
1117	0	11	11	6	6
1118	1	23	22	3	3
1119	0	0	0	0	0
1120	1	20	17	8	8
1121	0	5	5	0	0
1122	0	2	2	2	2
1123	1	23	19	6	6
1124	0	3	3	2	2
1125	1	518	499	149	147
1126	0	7	7	2	2
1127	1	53	51	11	10
1128	1	59	56	12	12
1129	0	13	9	5	4
1130	1	21	16	11	11
1131	1	16	15	4	4
1132	1	157	148	52	50
1133	1	286	270	72	68
1134	1	87	85	19	16
1135	0	0	0	0	0
1136	0	5	5	2	2
1137	1	247	189	58	32
1138	1	945	773	231	184
1139	1	12	10	0	0
1140	1	12	11	3	3
1141	1	412	385	92	89
1142	1	25	25	11	11
1143	1	22	22	11	10
1144	1	204	195	58	55
1145	1	21	20	6	6
1146	1	47	45	7	7
1147	1	48	42	11	11
1148	1	465	450	120	119
1149	1	25	24	2	2
1150	1	56	53	11	10
1151	1	186	176	44	42
1152	0	0	0	0	0
1153	1	21	21	8	7
1154	0	9	8	3	2
1155	0	9	7	2	2
1156	1	24	24	2	2
1157	0	0	0	0	0
1158	1	33	30	3	3
1159	1	24	24	10	8
1160	1	138	136	35	34
1161	1	46	43	15	13
1162	1	56	54	12	11
1163	1	34	34	6	6
1164	1	49	49	17	17
1165	1	17	17	0	0
1166	1	88	87	16	16
1167	1	62	58	21	20
1168	0	1	1	0	0
1169	0	0	0	0	0
1170	1	126	120	28	27
1171	1	139	130	44	41
1172	0	10	7	2	2
1173	1	43	42	13	13
1174	1	41	39	12	12
1175	1	15	13	6	6
1176	1	19	17	4	2
1177	1	39	37	12	12
1178	1	60	56	12	12
1179	1	17	17	6	6
1180	1	13	13	0	0
1181	1	40	37	11	10
1182	1	20	18	4	4
1183	0	1	1	0	0
1184	0	6	5	1	1
1185	1	22	21	8	8
1186	1	18	15	4	4
1187	1	38	37	10	7
1188	1	116	108	29	28
1189	0	1	1	0	0
1190	0	3	3	2	2
1191	1	26	24	12	10
1192	1	59	56	18	17
1193	1	57	56	24	24
1194	0	5	5	1	1
1195	1	20	18	3	3
1196	0	1	1	1	1
1197	1	263	243	62	60
1198	1	12	11	2	1
1199	0	6	6	0	0
1200	1	42	41	15	14
1201	1	66	64	9	9
1202	1	11	8	3	3
1203	1	56	51	12	11
1204	0	2	2	0	0
1205	1	27	27	7	7
1206	1	35	34	4	4
1207	1	17	17	4	3
1208	0	6	6	3	3
1209	0	3	3	1	0
1210	0	5	4	2	2
1211	1	14	12	3	2
1212	0	1	1	1	1
1213	0	10	8	0	0
1214	1	7	7	2	2
1215	1	68	66	13	12
1216	0	2	2	0	0
1217	0	2	2	0	0
1218	1	20	20	4	3
1219	0	7	7	0	0
1220	0	3	2	6	4
1221	0	1	1	0	0
1222	0	6	6	2	2
1223	1	12	12	1	0
1224	0	0	0	0	0
1225	1	38	38	5	5
1226	0	1	1	0	0
1227	1	24	21	12	12
1228	0	6	6	1	1
1229	0	0	0	0	0
1230	1	133	131	23	22
1231	1	84	81	21	19
1232	1	64	58	8	6
1233	0	14	11	3	3
1234	0	4	3	0	0
1235	0	3	3	1	1
1236	1	36	35	17	17
1237	0	0	0	0	0
1238	0	9	6	0	0
1239	0	3	2	0	0
1240	1	31	27	7	7
1241	1	39	37	14	10
1242	1	66	61	17	16
1243	1	6	6	2	2
1244	1	34	33	11	11
1245	1	178	171	51	50
1246	0	2	2	2	2
1247	0	0	0	0	0
1248	1	27	27	6	6
1249	0	4	2	0	0
1250	1	27	23	6	6
1251	1	19	19	4	4
1252	1	80	77	18	15
1253	1	20	19	2	2
1254	0	3	3	0	0
1255	1	47	45	15	15
1256	0	16	16	10	10
1257	0	0	0	0	0
1258	0	2	2	2	1
1259	1	43	43	8	7
1260	1	92	90	18	18
1261	1	41	39	10	9
1262	0	3	2	3	2
1263	1	45	44	8	7
1264	0	10	9	2	2
1265	0	6	6	0	0
1266	1	36	33	11	7
1267	1	83	77	20	19
1268	1	42	39	11	10
1269	1	34	33	4	2
1270	0	11	10	6	6
1271	1	25	23	1	1
1272	0	0	0	0	0
1273	0	4	4	1	0
1274	0	3	3	1	1
1275	1	33	30	6	6
1276	1	16	16	0	0
1277	0	0	0	1	1
1278	1	17	16	4	4
1279	1	16	15	3	3
1280	1	27	27	6	5
1281	1	13	13	1	1
1282	1	49	49	10	10
1283	1	24	19	5	5
1284	0	8	8	4	3
1285	1	29	25	4	4
1286	0	6	6	3	3
1287	0	6	6	1	1
1288	0	0	0	0	0
1289	1	76	76	18	17
1290	1	7	6	0	0
1291	0	3	3	0	0
1292	1	10	10	1	1
1293	1	22	22	6	6
1294	1	62	54	10	5
1295	1	96	90	24	23
1296	1	16	16	4	4
1297	1	21	21	6	6
1298	1	12	12	1	1
1299	0	3	3	0	0
1300	0	0	0	1	1
1301	1	29	29	1	1
1302	0	2	2	0	0
1303	0	0	0	0	0
1304	1	156	146	39	37
1305	0	8	8	1	1
1306	1	233	219	65	63
1307	0	1	1	0	0
1308	1	14	12	1	1
1309	1	18	17	3	2
1310	1	31	31	5	4
1311	1	54	52	8	8
1312	1	121	112	23	20
1313	1	12	12	0	0
1314	0	3	2	1	1
1315	1	28	27	7	6
1316	0	1	1	0	0
1317	0	0	0	0	0
1318	0	2	2	0	0
1319	0	0	0	2	0
1320	1	64	62	15	14
1321	1	28	24	7	6
1322	0	6	4	2	1
1323	0	9	8	3	3
1324	1	157	146	55	50
1325	1	41	39	12	11
1326	0	2	1	0	0
1327	0	4	4	1	1
1328	1	9	8	4	2
1329	1	22	20	8	7
1330	1	183	179	42	42
1331	1	20	19	10	10
1332	1	201	183	45	42
1333	1	53	51	7	6
1334	0	8	8	0	0
1335	1	10	9	5	4
1336	0	10	10	6	5
1337	1	59	56	10	10
1338	0	0	0	0	0
1339	0	3	3	1	1
1340	1	7	7	2	2
1341	1	281	269	89	87
1342	0	6	4	2	2
1343	1	7	7	3	3
1344	1	19	15	6	6
1345	0	12	12	4	4
1346	1	17	16	4	4
1347	0	10	9	2	2
1348	0	1	1	0	0
1349	1	7	7	1	1
1350	1	96	91	26	25
1351	1	26	26	10	10
1352	1	96	92	21	19
1353	1	19	18	6	5
1354	1	24	23	3	3
1355	1	13	11	0	0
1356	1	32	28	13	11
1357	1	221	206	46	44
1358	1	21	21	5	4
1359	1	78	76	15	13
1360	0	13	13	6	5
1361	1	91	86	21	21
1362	1	143	125	38	37
1363	1	18	15	5	4
1364	1	24	23	5	5
1365	1	255	231	62	56
1366	0	0	0	0	0
1367	0	1	1	0	0
1368	0	0	0	0	0
1369	1	18	17	0	0
1370	1	30	28	12	11
1371	0	5	5	0	0
1372	0	0	0	0	0
1373	1	24	22	5	4
1374	0	0	0	0	0
1375	1	61	60	15	15
1376	0	0	0	1	1
1377	1	261	249	79	75
1378	1	89	83	15	14
1379	1	46	45	14	14
1380	1	7	7	0	0
1381	1	114	105	36	33
1382	1	87	81	22	21
1383	0	5	5	2	2
1384	1	336	314	73	73
1385	1	132	126	34	34
1386	0	12	12	4	4
1387	1	19	19	6	6
1388	0	3	2	1	1
1389	0	6	6	5	5
1390	1	51	47	12	12
1391	0	8	7	2	2
1392	1	19	17	2	2
1393	1	214	201	58	55
1394	0	0	0	0	0
1395	1	11	11	0	0
1396	1	18	16	5	5
1397	1	42	40	8	8
1398	0	2	2	0	0
1399	0	5	4	0	0
1400	1	19	19	6	5
1401	0	2	2	0	0
1402	1	25	25	4	4
1403	1	75	73	13	13
1404	0	1	1	0	0
1405	1	10	10	2	2
1406	0	0	0	0	0
1407	0	5	5	0	0
1408	1	124	118	38	35
1409	1	29	29	1	1
1410	1	35	32	7	6
1411	1	49	49	16	15
1412	0	2	2	1	1
1413	0	0	0	0	0
1414	0	3	3	2	2
1415	1	24	23	3	3
1416	0	3	3	0	0
1417	1	53	47	6	5
1418	1	74	74	20	19
1419	1	29	24	10	10
1420	0	5	5	2	2
1421	1	46	42	14	9
1422	1	29	28	6	6
1423	1	70	67	12	12
1424	1	9	9	1	0
1425	1	9	7	4	4
1426	0	10	10	3	3
1427	1	15	12	2	2
1428	0	11	11	3	3
1429	0	0	0	0	0
1430	1	8	7	2	1
1431	1	13	13	4	2
1432	1	58	55	15	13
1433	0	1	1	1	1
1434	1	34	34	17	17
1435	1	113	106	34	32
1436	1	57	55	11	11
1437	1	354	336	91	87
1438	0	3	3	0	0
1439	0	6	5	4	3
1440	1	49	45	13	10
1441	1	20	20	4	3
1442	1	10	10	1	1
1443	1	53	49	14	12
1444	0	3	2	2	2
1445	1	18	18	8	5
1446	1	126	121	18	18
1447	1	19	19	9	9
1448	1	13	11	2	2
1449	0	7	6	0	0
1450	0	1	1	1	1
1451	0	2	2	0	0
1452	0	11	11	2	1
1453	1	220	213	45	44
1454	0	9	9	2	2
1455	0	5	5	2	1
1456	1	18	18	11	10
1457	0	3	3	1	0
1458	1	36	36	7	7
1459	0	6	6	1	1
1460	0	0	0	0	0
1461	1	42	41	9	9
1462	0	8	7	1	1
1463	1	353	341	83	81
1464	1	35	32	13	12
1465	0	7	7	0	0
1466	1	19	19	4	4
1467	1	381	362	90	88
1468	1	493	469	116	113
1469	0	0	0	0	0
1470	1	17	12	6	6
1471	0	2	2	0	0
1472	0	6	6	3	2
1473	1	94	89	23	22
1474	0	1	1	0	0
1475	0	2	1	1	1
1476	1	421	394	110	106
1477	0	8	8	1	1
1478	1	16	15	2	2
1479	1	18	18	2	2
1480	0	6	6	5	5
1481	0	4	4	0	0
1482	1	25	25	5	4
1483	0	5	5	1	1
1484	1	121	107	30	27
1485	1	87	86	19	19
1486	0	5	5	1	1
1487	1	199	189	55	51
1488	1	21	17	2	2
1489	0	1	1	0	0
1490	0	3	2	3	3
1491	0	0	0	1	1
1492	1	21	19	3	3
1493	1	23	18	6	5
1494	0	3	3	1	0
1495	1	224	214	49	49
1496	0	6	6	0	0
1497	1	150	148	35	35
1498	0	1	1	0	0
1499	1	28	28	4	4
1500	0	4	3	3	3
1501	0	2	2	3	3
1502	0	1	1	0	0
1503	1	61	59	24	24
1504	1	24	23	3	2
1505	1	11	11	1	1
1506	0	0	0	0	0
1507	0	2	2	0	0
1508	0	1	1	0	0
1509	0	9	9	1	1
1510	0	3	3	0	0
1511	0	0	0	0	0
1512	1	539	517	145	143
1513	0	4	3	3	3
1514	1	28	26	9	9
1515	0	0	0	0	0
1516	0	6	6	1	1
1517	1	44	44	14	14
1518	1	17	17	3	3
1519	0	9	9	3	3
1520	1	20	18	0	0
1521	1	33	32	10	9
1522	0	3	2	1	1
1523	1	190	176	41	39
1524	0	3	3	2	2
1525	1	22	20	3	3
1526	0	2	1	1	1
1527	1	48	47	18	16
1528	1	65	60	21	20
1529	0	8	7	0	0
1530	0	5	3	3	3
1531	1	59	42	18	14
1532	1	24	22	5	5
1533	0	0	0	0	0
1534	1	25	24	4	4
1535	1	26	23	6	5
1536	0	7	7	1	1
1537	1	153	139	37	29
1538	1	34	33	16	15
1539	1	16	15	1	1
1540	0	0	0	0	0
1541	1	16	14	5	4
1542	0	0	0	0	0
1543	0	5	5	3	3
1544	0	0	0	0	0
1545	1	202	192	47	47
1546	1	102	98	32	29
1547	1	34	34	8	8
1548	1	99	96	17	16
1549	0	9	8	2	2
1550	0	1	1	0	0
1551	1	21	19	4	2
1552	0	0	0	0	0
1553	1	42	40	4	4
1554	1	26	25	6	5
1555	0	5	4	2	2
1556	1	44	40	15	13
1557	1	52	47	14	14
1558	1	7	6	3	3
1559	0	0	0	1	1
1560	0	6	6	2	2
1561	0	0	0	1	1
1562	1	85	82	14	14
1563	0	1	1	1	1
1564	1	11	11	4	4
1565	1	592	560	153	151
1566	0	8	8	1	1
1567	1	115	112	26	24
1568	1	15	15	2	2
1569	1	363	345	91	89
1570	0	3	3	0	0
1571	1	67	59	19	14
1572	1	50	48	6	6
1573	1	46	44	3	3
1574	1	11	10	5	4
1575	1	12	12	3	3
1576	1	10	10	1	0
1577	1	83	76	19	19
1578	1	63	57	16	14
1579	1	148	138	30	30
1580	1	35	33	6	6
1581	1	162	154	31	31
1582	1	212	199	51	50
1583	0	0	0	0	0
1584	1	10	9	2	1
1585	1	17	16	5	5
1586	0	1	1	1	1
1587	0	10	9	1	1
1588	0	3	3	1	1
1589	1	44	43	7	6
1590	0	0	0	0	0
1591	1	26	25	3	1
1592	0	8	4	1	1
1593	0	1	1	1	1
1594	1	14	13	2	2
1595	0	5	5	0	0
1596	1	72	69	21	21
1597	1	13	13	1	1
1598	1	48	47	5	5
1599	1	69	66	26	24
1600	1	34	34	6	6
1601	1	34	30	9	9
1602	0	2	2	1	0
1603	0	9	9	2	2
1604	1	85	79	19	17
1605	1	32	24	5	5
1606	0	0	0	0	0
1607	1	56	51	10	10
1608	1	22	22	8	7
1609	1	42	41	12	11
1610	0	0	0	0	0
1611	1	31	29	11	9
1612	1	12	9	2	1
1613	1	17	15	4	4
1614	1	39	37	3	2
1615	1	41	38	8	8
1616	1	57	53	16	12
1617	1	271	226	91	73
1618	1	295	266	58	55
1619	1	406	387	97	94
1620	1	51	41	16	9
1621	0	1	1	2	2
1622	1	81	78	22	21
1623	0	9	9	4	4
1624	0	2	2	1	1
1625	0	0	0	0	0
1626	1	14	12	5	4
1627	1	106	101	38	34
1628	1	51	48	18	18
1629	1	228	204	67	57
1630	0	7	6	2	1
1631	0	5	4	3	2
1632	1	23	21	1	1
1633	1	21	20	4	3
1634	1	41	35	10	6
1635	1	89	79	23	23
1636	0	3	3	0	0
1637	0	6	6	1	1
1638	0	3	3	1	1
1639	0	4	2	1	0
1640	1	40	40	9	9
1641	0	2	2	0	0
1642	1	15	15	6	6
1643	0	1	1	0	0
1644	1	10	8	0	0
1645	0	12	11	6	6
1646	1	18	17	5	5
1647	1	14	13	3	3
1648	1	285	267	53	51
1649	1	23	22	7	7
1650	0	9	9	3	3
1651	0	5	5	1	1
1652	1	40	39	15	14
1653	1	60	52	11	11
1654	0	8	6	0	0
1655	0	2	2	1	1
1656	0	5	5	2	2
1657	1	44	40	13	13
1658	0	2	2	1	0
1659	0	5	4	2	1
1660	1	35	35	6	6
1661	1	44	44	9	7
1662	0	0	0	0	0
1663	1	61	54	18	18
1664	1	39	36	10	10
1665	1	12	12	6	6
1666	1	12	12	6	5
1667	1	32	29	6	6
1668	1	61	59	15	11
1669	0	12	6	2	0
1670	1	36	35	11	11
1671	1	70	66	19	18
1672	0	9	9	5	5
1673	0	6	5	0	0
1674	1	12	12	7	7
1675	0	19	15	5	2
1676	0	1	1	0	0
1677	0	0	0	0	0
1678	1	40	36	12	12
1679	1	85	83	25	23
1680	0	6	4	0	0
1681	1	44	42	10	9
1682	0	1	1	0	0
1683	1	77	72	22	18
1684	1	22	22	7	7
1685	1	116	108	19	16
1686	1	20	20	6	6
1687	1	15	15	4	4
1688	1	20	20	0	0
1689	1	7	7	1	1
1690	1	35	34	8	8
1691	1	45	43	8	8
1692	1	23	15	3	2
1693	0	7	7	4	4
1694	0	2	2	2	2
1695	1	16	16	2	1
1696	0	0	0	0	0
1697	1	50	44	8	8
1698	0	6	5	1	1
1699	1	61	60	15	14
1700	0	2	2	1	0
1701	0	9	8	5	5
1702	1	88	79	21	17
1703	1	33	29	4	4
1704	0	6	5	1	1
1705	0	6	6	2	2
1706	1	204	186	61	57
1707	1	8	8	2	2
1708	1	13	13	2	2
1709	0	3	3	0	0
1710	0	1	0	0	0
1711	1	14	13	6	6
1712	0	0	0	0	0
1713	1	21	21	1	1
1714	0	2	1	1	1
1715	1	204	188	41	38
1716	1	21	21	3	3
1717	0	1	1	0	0
1718	0	1	1	0	0
1719	1	49	43	11	9
1720	1	9	8	2	2
1721	0	0	0	0	0
1722	0	7	7	2	2
1723	0	6	6	2	2
1724	1	90	85	24	22
1725	1	140	132	30	30
1726	0	0	0	0	0
1727	1	40	35	12	11
1728	1	34	33	6	6
1729	0	5	5	1	1
1730	1	13	13	2	2
1731	1	26	25	4	3
1732	1	95	91	25	25
1733	1	61	55	21	18
1734	0	1	1	0	0
1735	0	4	3	2	2
1736	1	77	73	17	15
1737	1	94	92	17	17
1738	0	6	5	0	0
1739	1	78	74	13	12
1740	0	1	1	1	1
1741	0	9	8	6	6
1742	1	14	12	2	2
1743	0	5	5	3	2
1744	0	10	10	2	2
1745	0	0	0	0	0
1746	0	1	1	1	1
1747	1	105	103	30	30
1748	1	12	12	3	3
1749	1	37	36	6	5
1750	0	3	2	2	2
1751	0	0	0	0	0
1752	1	121	114	36	33
1753	0	6	4	1	1
1754	1	39	38	6	6
1755	1	46	45	12	10
1756	0	0	0	0	0
1757	0	0	0	0	0
1758	1	57	49	19	18
1759	1	667	633	147	143
1760	1	13	13	3	3
1761	1	17	17	7	5
1762	0	2	2	1	1
1763	1	200	196	42	41
1764	0	2	2	0	0
1765	1	63	57	12	9
1766	1	88	85	14	14
1767	1	50	48	11	10
1768	1	83	81	16	16
1769	1	9	8	3	2
1770	0	7	7	8	4
1771	1	33	32	5	5
1772	1	28	24	8	7
1773	1	64	63	16	13
1774	0	6	5	3	3
1775	1	34	32	7	6
1776	1	115	109	39	37
1777	0	0	0	0	0
1778	1	36	35	6	5
1779	0	4	4	5	4
1780	1	34	32	1	1
1781	0	2	2	0	0
1782	0	6	6	1	1
1783	0	5	3	0	0
1784	1	84	83	30	28
1785	1	13	12	2	0
1786	1	68	64	13	13
1787	1	8	7	0	0
1788	1	99	95	26	24
1789	1	35	31	10	10
1790	1	18	16	3	2
1791	1	40	37	5	5
1792	0	3	3	1	0
1793	0	5	5	4	2
1794	1	13	13	1	1
1795	1	123	117	22	21
1796	1	308	296	73	70
1797	0	3	3	2	1
1798	1	214	206	35	35
1799	1	15	14	3	2
1800	0	12	11	7	6
1801	0	4	4	4	4
1802	0	0	0	0	0
1803	1	170	158	42	41
1804	1	20	17	4	4
1805	0	9	8	0	0
1806	1	392	364	96	94
1807	0	4	3	2	1
1808	0	5	5	2	1
1809	0	2	2	0	0
1810	1	19	19	4	4
1811	1	21	19	6	6
1812	0	0	0	0	0
1813	0	0	0	0	0
1814	1	63	59	10	10
1815	0	4	4	1	1
1816	0	6	6	2	2
1817	1	58	54	10	10
1818	0	15	12	6	6
1819	1	23	23	1	1
1820	0	2	2	1	1
1821	0	15	14	8	6
1822	0	0	0	0	0
1823	1	602	535	177	157
1824	1	109	101	34	32
1825	1	53	52	9	9
1826	1	49	46	17	17
1827	0	0	0	0	0
1828	1	18	17	7	5
1829	1	20	17	11	10
1830	0	0	0	0	0
1831	1	17	17	5	5
1832	0	8	8	3	3
1833	1	322	309	83	79
1834	1	9	9	1	1
1835	1	44	40	10	8
1836	1	192	183	50	50
1837	1	37	36	11	11
1838	0	6	6	1	1
1839	0	0	0	0	0
1840	1	30	30	3	3
1841	0	7	6	5	5
1842	0	4	4	0	0
1843	1	85	83	13	11
1844	0	2	2	1	1
1845	1	101	99	25	25
1846	1	67	66	13	13
1847	1	24	24	9	9
1848	1	16	13	3	3
1849	0	3	2	0	0
1850	1	8	8	3	3
1851	1	24	22	2	2
1852	0	6	6	1	1
1853	1	30	30	6	6
1854	1	29	28	5	5
1855	0	6	6	1	1
1856	1	27	26	4	2
1857	1	12	11	4	3
1858	0	4	4	2	0
1859	0	3	3	3	3
1860	0	0	0	0	0
1861	1	16	14	4	3
1862	1	11	11	1	1
1863	0	9	9	5	5
1864	0	2	2	0	0
1865	1	22	22	2	2
1866	0	3	2	1	1
1867	0	1	1	0	0
1868	1	93	86	24	24
1869	1	23	22	5	5
1870	1	27	26	7	7
1871	0	1	1	0	0
1872	1	44	43	7	7
1873	1	14	14	5	5
1874	0	1	1	0	0
1875	0	4	4	1	1
1876	0	2	2	1	1
1877	1	14	12	3	2
1878	1	30	30	7	6
1879	1	42	40	6	6
1880	1	122	113	30	27
1881	1	20	20	5	5
1882	1	28	26	9	9
1883	1	8	8	3	3
1884	1	29	27	6	6
1885	0	1	1	0	0
1886	1	32	29	7	6
1887	1	13	12	5	4
1888	1	91	88	13	13
1889	1	60	56	19	16
1890	0	2	2	0	0
1891	1	331	314	75	74
1892	1	53	52	9	9
1893	0	2	2	0	0
1894	0	3	3	1	0
1895	1	22	21	7	6
1896	0	7	7	0	0
1897	1	14	14	3	1
1898	1	86	81	13	13
1899	1	43	41	19	18
1900	1	31	30	3	3
1901	1	83	80	28	27
1902	0	8	8	1	1
1903	1	11	11	2	2
1904	1	9	9	2	2
1905	0	7	6	1	1
1906	0	2	2	0	0
1907	1	51	48	7	6
1908	1	7	6	5	5
1909	0	6	5	0	0
1910	1	11	10	1	1
1911	0	2	2	0	0
1912	1	15	15	3	3
1913	0	2	2	0	0
1914	0	0	0	0	0
1915	0	3	2	1	1
1916	1	29	28	9	8
1917	0	1	1	0	0
1918	1	10	9	5	4
1919	0	10	9	2	2
1920	0	13	12	7	7
1921	1	26	25	6	6
1922	1	96	93	22	22
1923	1	14	14	3	2
1924	0	2	2	1	1
1925	1	42	41	0	0
1926	1	43	36	10	10
1927	1	14	14	2	1
1928	0	0	0	0	0
1929	0	2	2	0	0
1930	0	4	3	1	1
1931	1	167	161	25	25
1932	1	15	15	0	0
1933	1	89	85	25	24
1934	1	72	65	26	24
1935	1	30	27	3	3
1936	1	83	83	16	15
1937	0	0	0	0	0
1938	1	74	71	20	19
1939	0	2	2	1	1
1940	1	47	45	14	14
1941	0	11	11	4	3
1942	1	17	17	2	1
1943	1	19	19	5	5
1944	1	26	24	11	10
1945	1	67	60	18	17
1946	1	110	105	21	19
1947	0	0	0	0	0
1948	1	10	9	0	0
1949	1	34	30	9	9
1950	0	12	10	6	5
1951	1	101	98	14	12
1952	0	5	5	3	3
1953	0	2	2	0	0
1954	1	18	18	4	4
1955	1	9	8	4	3
1956	0	10	10	4	3
1957	1	106	102	25	20
1958	0	7	7	1	1
1959	0	7	7	3	3
1960	1	73	65	22	19
1961	1	76	74	24	23
1962	1	230	221	50	50
1963	1	8	8	0	0
1964	0	10	7	4	1
1965	1	92	83	27	24
1966	0	0	0	1	1
1967	0	1	1	2	2
1968	1	35	33	6	5
1969	1	40	39	18	17
1970	0	2	2	0	0
1971	1	97	92	23	22
1972	1	51	49	12	9
1973	0	6	6	5	5
1974	1	27	25	8	7
1975	0	0	0	0	0
1976	0	9	9	1	1
1977	1	161	154	45	44
1978	1	37	35	8	8
1979	1	59	57	20	20
1980	1	21	21	3	2
1981	0	5	5	1	1
1982	1	31	29	9	7
1983	0	2	2	1	1
1984	1	40	39	10	10
1985	1	17	17	4	4
1986	1	20	18	2	2
1987	1	23	23	2	2
1988	1	10	10	0	0
1989	0	4	4	1	1
1990	1	20	17	4	3
1991	1	59	46	10	8
1992	1	37	36	9	9
1993	1	22	21	5	4
1994	1	55	50	13	11
1995	1	164	154	27	26
1996	1	27	26	7	7
1997	1	25	24	5	5
1998	1	37	35	11	10
1999	1	56	53	18	18
2000	1	472	443	97	93
2001	1	9	9	5	5
