0	0.02	0	0
1	0.0395	0.0158827	0.00408755
2	0.1645	0.0455356	0.0125627
3	0.441	0.16345	0.0362105
4	0.4415	0.40034	0.0965687
5	0.4975	0.504044	0.119521
6	0.4095	0.531297	0.133362
7	0.3345	0.513616	0.134354
8	0.099	0.409453	0.130267
9	0	0.187727	0.122752
10	0	0.0840236	0.0991037
11	0.0015	0.040888	0.0387455
12	0.0325	0.0299804	0.0157927
13	0.2345	0.039663	0.00849261
14	0.432	0.202498	0.0469906
15	0.395	0.42147	0.105564
16	0.3975	0.487129	0.122014
17	0.3855	0.510669	0.129157
18	0.301	0.496039	0.131562
19	0.014	0.328047	0.131562
20	0	0.112069	0.125022
21	0	0.0464106	0.0855311
22	0.0005	0.0218053	0.0269578
23	0.0075	0.0134827	0.00954762
24	0.009	0.0105851	0.00240503
25	0.058	0.0151052	0.00149752
26	0.1955	0.0554332	0.0150427
27	0.4185	0.19272	0.0451306
28	0.3275	0.399315	0.103626
29	0.4015	0.447653	0.111811
30	0.394	0.476613	0.119834
31	0.227	0.447278	0.125427
32	0.0215	0.318431	0.123929
33	0	0.117849	0.110384
34	0	0.0624008	0.080296
35	0.005	0.0259253	0.0218003
36	0.0105	0.0184227	0.0151202
37	0.019	0.0172202	0.0080426
38	0.061	0.0215053	0.00692509
39	0.3135	0.0695309	0.0157927
40	0.4835	0.280964	0.0645308
41	0.35	0.469381	0.121114
42	0.3545	0.500669	0.128364
43	0.388	0.502991	0.126859
44	0.2625	0.473968	0.128467
45	0.0035	0.280406	0.125429
46	0	0.0899936	0.116561
47	0	0.0514681	0.0678233
48	0.1235	0.038368	0.0112401
49	0.313	0.109179	0.0265628
50	0.316	0.292354	0.077281
51	0.3415	0.388327	0.100794
52	0.4025	0.441286	0.110526
53	0.443	0.478958	0.117324
54	0.15	0.41206	0.122894
55	0.001	0.23193	0.122894
56	0	0.134462	0.100321
57	0.006	0.0815035	0.0496031
58	0.028	0.0458481	0.0235378
59	0.0495	0.0391105	0.0167952
60	0.053	0.0475406	0.0199677
61	0.16	0.078226	0.0244203
62	0.267	0.170337	0.0461081
63	0.4435	0.283596	0.0675358
64	0.388	0.397175	0.100466
65	0.3585	0.422875	0.108706
66	0.3315	0.4154	0.108756
67	0.1845	0.347837	0.102181
68	0.041	0.260168	0.0960737
69	0.0035	0.140789	0.0749159
70	0.0045	0.0873211	0.0534882
71	0.149	0.0660708	0.0205578
72	0.2245	0.134819	0.0382955
73	0.295	0.23236	0.0618133
74	0.4285	0.331087	0.0806085
75	0.484	0.442881	0.105226
76	0.394	0.505649	0.126667
77	0.1325	0.42383	0.129677
78	0.0095	0.316031	0.129677
79	0.0015	0.209318	0.103699
80	0	0.0964437	0.0761385
81	0	0.0317154	0.0539482
82	0.0015	0.0202378	0.0254153
83	0	0.00439505	0.00344504
84	0	0.00200503	0.000435005
85	0	0.00150752	0.000435005
86	0	0.00150752	0.000435005
87	0	0.00150752	0
88	0	0	0
89	0	0	0
90	0	0	0
91	0	0	0
92	0	0	0
93	0	0	0
94	0	0	0
95	0	0	0
96	0	0	0
97	0	0	0
98	0	0	0
99	0	0	0
100	0	0	0
101	0	0	0
102	0	0	0
103	0	0	0
104	0	0	0
105	0	0	0
106	0	0	0
107	0	0	0
108	0	0	0
109	0	0	0
110	0	0	0
111	0	0	0
112	0	0	0
113	0	0	0
114	0	0	0
115	0	0	0
116	0	0	0
117	0	0	0
118	0	0	0
119	0	0	0
120	0	0	0
121	0	0	0
122	0	0	0
123	0	0	0
124	0	0	0
125	0	0	0
126	0	0	0
127	0	0	0
128	0	0	0
129	0	0	0
130	0	0	0
131	0	0	0
132	0	0	0
133	0	0	0
134	0	0	0
135	0	0	0
136	0	0	0
137	0	0	0
138	0	0	0
139	0	0	0
140	0	0	0
141	0	0	0
142	0	0	0
143	0	0	0
144	0	0	0
145	0	0	0
146	0	0	0
147	0	0	0
148	0	0	0
149	0	0	0
150	0	0	0
